artist,title,neg,neu,pos,compound
massive attack,mezzanine,0.101,0.8,0.098,-0.4302
krallice,prelapsarian,0.077,0.87,0.053,-0.8661
uranium club,all of them naturals,0.049,0.866,0.084,0.9504
"kleenex, liliput",first songs,0.077,0.7759999999999999,0.14800000000000002,0.9987
taso,new start,0.012,0.862,0.127,0.9968
various artists,insecure (music from the hbo original series),0.056,0.784,0.16,0.9979
little simz,stillness in wonderland,0.033,0.833,0.134,0.9962
yotam avni,tehillim,0.037000000000000005,0.862,0.1,0.986
brian eno,reflection,0.032,0.882,0.086,0.9913
the lox,filthy america its beautiful,0.08199999999999999,0.792,0.126,0.9943
harry bertoia,clear sounds/perfetta,0.06,0.795,0.146,0.9932
run the jewels,run the jewels 3,0.15,0.711,0.139,-0.9608
steven warwick,nadir,0.093,0.83,0.077,-0.8896
yasiin bey,december 99th,0.104,0.8,0.097,-0.6601
"smoke dza, pete rock",don't smoke rock,0.057,0.845,0.097,0.9704
various artists,punk45: les punks: the french connection (the first wave of french punk 1977-80),0.064,0.846,0.09,0.9756
senyawa,brnshj (puncak),0.041,0.872,0.087,0.985
"chance the rapper, jeremih",merry christmas lil mama,0.031,0.745,0.224,0.9996
jamire williams,///// effectual,0.051,0.8440000000000001,0.105,0.9901
the-dream,love you to death,0.105,0.748,0.147,0.9709
worm ouroboros,what graceless dawn,0.099,0.823,0.078,-0.9518
nine inch nails,not the actual events ep,0.086,0.78,0.134,0.9929
elder ones,holy science,0.079,0.785,0.136,0.992
the microphones,"early tapes, 1996-1998",0.075,0.8220000000000001,0.103,0.9786
ben frost,the wasp factory,0.087,0.841,0.07200000000000001,-0.9313
kacey musgraves,a very kacey christmas,0.033,0.802,0.165,0.999
jay som,turn into,0.069,0.868,0.063,-0.7351
rashad becker,traditional music of notional species vol. ii,0.029,0.909,0.063,0.9051
ray charles,swiss radio days vol. 41 - zurich 1961,0.046,0.853,0.101,0.9923
ab-soul,do what thou wilt.,0.121,0.7709999999999999,0.108,-0.9341
pantera,the great southern trendkill,0.117,0.762,0.121,0.8923
gucci mane,the return of east atlanta santa,0.044,0.838,0.118,0.9939
mica levi,jackie ost,0.083,0.846,0.071,-0.8759
kid cudi,"passion, pain & demon slayin",0.114,0.7659999999999999,0.12,0.1744
sammus,pieces in space,0.078,0.816,0.106,0.9815
hodgy,fireplace: thenottheotherside,0.092,0.789,0.119,0.9891
jeff parker,slight freedom,0.044,0.872,0.085,0.9866
a-trak,in the loop: a decade of remixes,0.046,0.8740000000000001,0.08,0.9772
jess williamson,heart song,0.057,0.7859999999999999,0.157,0.9966
kevin abstract,american boyfriend: a suburban love story,0.104,0.779,0.117,0.8999
adr,throat,0.073,0.85,0.077,0.5866
deadmau5,w:/2016album/,0.063,0.8170000000000001,0.12,0.9962
jessy lanza,oh no no no remixes ep,0.09,0.7709999999999999,0.139,0.9865
peter broderick,grunewald,0.031,0.855,0.115,0.9928
qasim naqvi,chronology,0.034,0.862,0.104,0.9801
post malone,stoney,0.08199999999999999,0.789,0.129,0.9852
bob dylan,bob dylan: the 1966 live recordings,0.038,0.882,0.08,0.998
"ricardo villalobos, umho",melo de melo ep,0.028,0.867,0.105,0.9834
peder mannerfelt,equality now ep,0.032,0.915,0.053,0.7096
j. cole,4 your eyez only,0.061,0.88,0.059,-0.5688
pink floyd,the early years 1965-1972,0.025,0.91,0.064,0.9942
flume,skin companion ep i,0.033,0.878,0.08900000000000001,0.9888
gaye su akyol,hologram mparatorluu,0.062,0.8490000000000001,0.08900000000000001,0.9032
jeff buckley,sketches for my sweetheart the drunk,0.073,0.7879999999999999,0.139,0.9997
various artists,the hamilton mixtape,0.078,0.813,0.11,0.9283
saba,bucket list project,0.08,0.8,0.12,0.9643
various artists,bobo yy: belle poque in upper volta,0.047,0.867,0.087,0.9944
simian mobile disco,welcome to sideways,0.066,0.831,0.103,0.9718
gas,box,0.044,0.8809999999999999,0.07400000000000001,0.9943
kodie shane,zero gravity ep,0.024,0.862,0.114,0.9962
the orchestra of syrian musicians,africa express presents... the orchestra of syrian musicians & guests,0.08900000000000001,0.81,0.101,0.7755
blessed initiative,blessed initiative,0.044,0.8440000000000001,0.112,0.9931
neil young,peace trail,0.075,0.7709999999999999,0.154,0.9963
soundgarden,badmotorfinger,0.046,0.871,0.083,0.9936
nick hook,relationships,0.05,0.845,0.105,0.9849
kjartan sveinsson,der klang der offenbarung des gttlichen,0.043,0.833,0.124,0.9973
the rolling stones,blue & lonesome,0.08,0.8029999999999999,0.117,0.9909
"gucci mane, lil uzi vert",1017 vs. the world,0.054000000000000006,0.809,0.138,0.9942
young male,how to disappear in america,0.07200000000000001,0.888,0.04,-0.9658
alex izenberg,harlequin,0.08800000000000001,0.752,0.16,0.9937
childish gambino,"awaken, my love",0.053,0.794,0.153,0.9976
fetty wap,zoovier,0.052000000000000005,0.772,0.17600000000000002,0.998
miranda lambert,the weight of these wings,0.06,0.83,0.11,0.9906
denitia and sene,love and noir.,0.04,0.861,0.099,0.9842
john legend,darkness and light,0.081,0.7609999999999999,0.158,0.9948
"yoko ono, john lennon",unfinished music no. 1: two virgins,0.049,0.862,0.08900000000000001,0.9918
coldcut,only heaven,0.079,0.8170000000000001,0.104,0.9714
"joan as police woman, benjamin lazar davis",let it be you,0.08,0.7879999999999999,0.132,0.9928
brand new,the devil and god are raging inside me,0.163,0.7190000000000001,0.119,-0.9995
sun ra,singles,0.037000000000000005,0.8640000000000001,0.099,0.9977
dungen,hxan,0.07200000000000001,0.785,0.14400000000000002,0.9895
"mica levi, oliver coates",remain calm,0.043,0.8290000000000001,0.128,0.9948
jay daniel,broken knowz,0.047,0.863,0.09,0.9714
r.e.m.,out of time,0.025,0.848,0.127,0.9986
bruno mars,24k magic,0.033,0.85,0.117,0.9973
keita sano,keita sano,0.045,0.82,0.135,0.9903
tredici bacci,amore per tutti,0.037000000000000005,0.8490000000000001,0.114,0.9904
burial,young death / nightmarket,0.027000000000000003,0.847,0.125,0.9957
yg,red friday,0.084,0.8270000000000001,0.08900000000000001,0.5647
you blew it!,abendrot,0.049,0.833,0.119,0.9956
suzanne kraft,what you get for being young,0.052000000000000005,0.8340000000000001,0.114,0.9942
the weeknd,starboy,0.053,0.8490000000000001,0.098,0.988
various artists,"pc music, vol. 2",0.069,0.858,0.073,0.4999
monster rally,mystery cove,0.026,0.8420000000000001,0.132,0.994
"steve reich, terry riley",six pianos / keyboard study #1,0.032,0.868,0.1,0.9962
justice,woman,0.047,0.755,0.199,0.9991
demdike stare,wonderland,0.052000000000000005,0.8440000000000001,0.104,0.993
bully fae,defy a thing to be,0.07,0.8270000000000001,0.103,0.9859
rainbow arabia,l.a. heartbreak,0.048,0.833,0.12,0.9921
kate bush,before the dawn,0.064,0.7829999999999999,0.153,0.9993
e-40,the d-boy diary books 1 & 2,0.054000000000000006,0.855,0.091,0.9882
meredith monk,on behalf of nature,0.05,0.8390000000000001,0.111,0.9943
pavo pavo,young narrator in the breakers,0.042,0.818,0.14,0.995
via app,sixth stitch,0.043,0.863,0.094,0.9879
ice cube,death certificate,0.116,0.7959999999999999,0.08800000000000001,-0.9993
dawn richard,redemption,0.041,0.916,0.044,0.3716
"oneida, rhys chatham",what's your sign?,0.016,0.92,0.065,0.9775
sarah davachi,vergers,0.047,0.882,0.071,0.9603
vicky chow,a o r t a,0.029,0.8690000000000001,0.102,0.9888
"gucci mane, future",free bricks 2: zone 6 edition,0.069,0.833,0.098,0.9695
gillian welch,boots no. 1: the official revival bootleg,0.051,0.866,0.084,0.9829
jeff rosenstock,worry.,0.128,0.7809999999999999,0.091,-0.996
kristin hersh,wyatt at the coyote palace,0.067,0.815,0.119,0.989
metallica,hardwired...to self-destruct,0.098,0.7909999999999999,0.11,0.9508
porter ricks,shadow boat ep,0.055,0.852,0.094,0.9785
mike watt,ring spiel tour 95,0.032,0.853,0.115,0.9986
daniel bachman,daniel bachman,0.03,0.8370000000000001,0.133,0.9938
autechre,incunabula,0.041,0.89,0.069,0.9873
body/head,no waves,0.067,0.807,0.126,0.9895
his name is alive,patterns of light,0.044,0.836,0.12,0.9946
radian,on dark silent off,0.057,0.852,0.091,0.8907
flasher,flasher ep,0.053,0.8290000000000001,0.118,0.9913
leonard cohen,im your man,0.096,0.763,0.141,0.9989
tinashe,nightride,0.052000000000000005,0.836,0.112,0.9947
various artists,"the microcosm: visionary music of continental europe, 1970-1986",0.039,0.833,0.128,0.998
papa m,highway songs,0.05,0.867,0.083,0.9538
yaroze dream suite,yaroze dream suite,0.046,0.848,0.107,0.9759
thee oh sees,an odd entrances,0.05,0.888,0.061,0.4854
lorenzo senni,persona ep,0.049,0.897,0.055,0.4478
marching church,telling it like it is,0.075,0.8220000000000001,0.103,0.9514
devonwho,luz,0.055,0.858,0.087,0.8902
a tribe called quest,we got it from here... thank you 4 your service,0.048,0.875,0.077,0.9897
sad13,slugger,0.065,0.767,0.168,0.9983
j.g. biberkopf,ecologies ii: ecosystems of excess,0.067,0.82,0.112,0.986
animals as leaders,the madness of many,0.071,0.785,0.14400000000000002,0.9933
washington phillips,washington phillips and his manzarene dreams,0.054000000000000006,0.8240000000000001,0.123,0.9961
dedekind cut,$uccessor (ded004),0.061,0.867,0.073,0.7796
michael mayer,&,0.028,0.768,0.204,0.9996
mantra percussion,michael gordon: timber remixed,0.032,0.8370000000000001,0.131,0.9979
french montana,mc4,0.06,0.7929999999999999,0.147,0.9976
hart valley drifters,folk time,0.059,0.863,0.078,0.8779
emeli sand,long live the angels,0.084,0.828,0.087,0.2357
ken thomson,restless,0.034,0.873,0.093,0.9809
philip glass,the complete sony recordings,0.02,0.861,0.12,0.9995
bibi bourelly,free the real (pt. 2),0.059,0.825,0.116,0.9909
loscil,monument builders,0.115,0.8220000000000001,0.062,-0.9896
peter stampfel,holiday for strings,0.056,0.789,0.155,0.9979
"okkyung lee, christian marclay",amalgam,0.023,0.8759999999999999,0.101,0.9922
minutemen,double nickels on the dime,0.054000000000000006,0.86,0.086,0.9976
various artists,bleed for this ost,0.078,0.8170000000000001,0.105,0.9699
the men,devil music,0.073,0.865,0.062,-0.8702
oren ambarchi,hubris,0.046,0.8809999999999999,0.07200000000000001,0.9253
jacuzzi boys,ping pong,0.081,0.8240000000000001,0.094,0.9054
hudson mohawke,ded sec - watch dogs 2 (ost),0.066,0.784,0.15,0.9963
kool a.d.,have a nice dream,0.071,0.805,0.123,0.9809
rachel's,systems/layers,0.037000000000000005,0.828,0.136,0.9989
helmet,dead to the world,0.077,0.816,0.107,0.9884
alicia keys,here,0.038,0.852,0.11,0.9945
topaz jones,arcade,0.044,0.8240000000000001,0.132,0.9948
gaika,spaghetto,0.067,0.818,0.114,0.9916
uniform,ghosthouse ,0.077,0.828,0.095,0.611
the chainsmokers,collage ,0.039,0.875,0.086,0.9922
tyvek,origin of what,0.018000000000000002,0.905,0.077,0.9888
tim buckley,"lady, give me your key: the unissued 1967 solo acoustic sessions",0.075,0.841,0.083,0.7877
mary halvorson,away with you,0.022,0.901,0.077,0.9846
sleigh bells,jessica rabbit,0.061,0.823,0.115,0.9947
jeezy,trap or die 3,0.122,0.777,0.101,-0.9564
shirley collins,lodestar,0.084,0.826,0.09,0.5548
kadhja bonet,the visitor ,0.039,0.847,0.114,0.9903
soft hair,soft hair,0.057,0.816,0.127,0.9914
jim james,eternally even,0.041,0.87,0.09,0.987
a$ap mob,cozy tapes vol. 1: friends-,0.034,0.8170000000000001,0.149,0.9989
lou barlow,apocalypse fetish,0.06,0.846,0.093,0.9673
mannequin pussy,romantic,0.114,0.7759999999999999,0.109,-0.1714
abba,arrival,0.083,0.775,0.142,0.9991
fugees,blunted on reality,0.057,0.87,0.073,0.9597
"sun ra, merzbow",strange city (cd),0.056,0.818,0.126,0.9916
oddcouple,liberation,0.045,0.843,0.112,0.9918
the dean ween group,the deaner album,0.051,0.84,0.109,0.9845
common,black america again,0.07200000000000001,0.8059999999999999,0.122,0.9967
ricky eat acid,talk to you soon,0.092,0.8340000000000001,0.07400000000000001,-0.9382
rich the kid,keep flexin,0.053,0.8170000000000001,0.13,0.9948
carla dal forno,you know what its like,0.056,0.805,0.139,0.9902
pussy riot,xxx,0.142,0.7809999999999999,0.078,-0.996
huerco s.,qtt4,0.083,0.852,0.065,-0.8555
otis redding,live at the whiskey a go go: the complete recordings,0.036000000000000004,0.8440000000000001,0.121,0.9987
the olympians,the olympians,0.029,0.818,0.153,0.998
meek mill,dc4,0.07400000000000001,0.8170000000000001,0.11,0.9852
miles davis quintet,"freedom jazz dance: the bootleg series, vol. 5",0.015,0.862,0.123,0.9985
kassem mosse,disclosure,0.068,0.828,0.104,0.98
the dillinger escape plan,dissociation,0.065,0.8540000000000001,0.081,-0.2569
public image ltd,metal box,0.086,0.787,0.127,0.998
american wrestlers,goodbye terrible youth,0.097,0.797,0.105,0.7027
tove lo,lady wood,0.093,0.79,0.117,0.9732
steve hauschildt,strands,0.034,0.843,0.123,0.9944
lambchop,flotus,0.042,0.802,0.157,0.9991
roman flgel,all the right noises,0.059,0.8420000000000001,0.099,0.9803
dj rude one,onederful,0.107,0.799,0.094,-0.6447
syrinx,tumblers from the vault (19701972),0.034,0.868,0.098,0.9941
khemmis,hunted,0.105,0.8170000000000001,0.077,-0.926
bob dylan,blood on the tracks,0.045,0.8490000000000001,0.106,0.9993
joe budden,rage & the machine,0.073,0.79,0.13699999999999998,0.9917
gord downie,secret path,0.07400000000000001,0.894,0.032,-0.9938
roy montgomery,r m h q: headquarters,0.05,0.833,0.117,0.994
"patrick cowley, candida royalle",candida cosmica,0.0,0.885,0.115,0.9967
d.r.a.m.,big baby d.r.a.m.,0.046,0.804,0.151,0.9986
the radio dept.,running out of love,0.036000000000000004,0.8490000000000001,0.115,0.9872
luis,dreamt takes,0.02,0.861,0.119,0.9918
donny mccaslin,beyond now,0.01,0.8959999999999999,0.094,0.976
various artists,lazarus ost,0.079,0.8390000000000001,0.08199999999999999,-0.1598
david crosby,lighthouse,0.08,0.7859999999999999,0.134,0.9859
jojo,mad love.,0.063,0.7709999999999999,0.166,0.9977
n.m.o.,nordic mediterranean organization / numerous miscommunications occur,0.079,0.84,0.081,-0.586
american football,american football,0.061,0.8420000000000001,0.097,0.9948
sleaford mods,t.c.r. ep,0.078,0.8420000000000001,0.081,0.6173
jubilee,after hours,0.058,0.8809999999999999,0.061,0.5526
crying,beyond the fleeting gales,0.059,0.84,0.101,0.9697
lady gaga,joanne,0.069,0.799,0.131,0.9976
tanya tagaq,retribution,0.118,0.81,0.07200000000000001,-0.998
oval,popp,0.03,0.809,0.161,0.9984
jonathan finlayson & sicilian defense,moving still,0.032,0.799,0.16899999999999998,0.9981
leonard cohen,you want it darker,0.101,0.7709999999999999,0.129,0.9771
male bonding,headache,0.08900000000000001,0.787,0.124,0.9759
savoy motel,savoy motel,0.044,0.86,0.096,0.9764
oozing wound,whatever forever,0.087,0.79,0.122,0.9693
from indian lakes,everything feels better now,0.068,0.7909999999999999,0.141,0.9949
ramones,end of the century,0.097,0.778,0.125,0.9978
jimmy eat world,integrity blues,0.076,0.7659999999999999,0.158,0.9989
various artists,say yes! a tribute to elliott smith,0.097,0.794,0.11,0.4992
meshuggah,the violent sleep of reason,0.073,0.868,0.059,-0.9348
axis: sova,motor earth,0.071,0.8059999999999999,0.123,0.9872
gucci mane,woptober,0.084,0.725,0.191,0.9979
moby & the void pacific choir,these systems are failing ,0.121,0.752,0.127,0.8384
kag,ep a,0.063,0.8270000000000001,0.11,0.9804
gods wisdom,self restraint,0.08900000000000001,0.726,0.185,0.9969
kings of leon,walls,0.079,0.8340000000000001,0.087,0.8217
katie gately,color,0.055,0.856,0.08900000000000001,0.9769
jagwar ma,every now & then,0.05,0.833,0.118,0.9954
matt kivel,fires on the plain,0.065,0.82,0.115,0.9885
weyes blood,front row seat to earth,0.059,0.777,0.16399999999999998,0.9984
boogie,thirst 48 pt. ii,0.081,0.8059999999999999,0.112,0.9588
powell,sport,0.105,0.794,0.101,-0.7043
wife,standard nature,0.042,0.852,0.106,0.9925
nxworries,yes lawd!,0.054000000000000006,0.816,0.13,0.9982
regina spektor,remember us to life,0.084,0.853,0.064,-0.2276
darkthrone,arctic thunder,0.132,0.7559999999999999,0.112,-0.9192
mark ernestus' ndagga rhythm force,yermande,0.041,0.871,0.08800000000000001,0.988
jamie lidell,building a beginning,0.03,0.815,0.155,0.9978
terry allen,lubbock (on everything),0.03,0.8959999999999999,0.07400000000000001,0.9817
mono,requiem for hell,0.06,0.8029999999999999,0.136,0.9952
wadada leo smith,america's national parks,0.062,0.802,0.136,0.9952
warehouse,super low,0.106,0.752,0.142,0.9801
randy newman,good old boys,0.077,0.779,0.14400000000000002,0.9996
the orb,"cow / chill out, world!",0.029,0.898,0.073,0.9841
lizzo,coconut oil ,0.063,0.812,0.124,0.9929
marie davidson,adieux au dancefloor,0.093,0.7809999999999999,0.126,0.9785
purling hiss,high bias,0.042,0.7879999999999999,0.17,0.9959
johnny jewel,home ost,0.069,0.802,0.129,0.9942
the shaggs,philosophy of the world,0.078,0.833,0.08900000000000001,0.9742
pat thomas,coming home (original ghanaian highlife & afrobeat classics 1967-1981),0.022,0.884,0.094,0.9958
dusky,outer,0.058,0.8,0.142,0.9979
big star,complete third,0.075,0.82,0.105,0.9934
swet shop boys,cashmere,0.066,0.815,0.119,0.9925
youandewan,there is no right time,0.058,0.821,0.121,0.9955
emma ruth rundle,marked for death,0.132,0.722,0.146,0.8834
conor oberst,ruminations,0.119,0.747,0.134,0.9355
joyce manor,cody,0.058,0.8540000000000001,0.087,0.9609
banks,the altar,0.06,0.8690000000000001,0.07200000000000001,0.9021
dva [hi:emotions],notu_uronlineu,0.043,0.828,0.129,0.9968
hiss golden messenger,heart like a levee,0.08800000000000001,0.753,0.158,0.9984
norah jones,day breaks,0.04,0.8640000000000001,0.095,0.9875
g perico,shit don't stop,0.13,0.773,0.097,-0.9739
brookzill!,throwback to the future,0.06,0.868,0.07200000000000001,0.2439
green day,revolution radio,0.118,0.807,0.075,-0.9852
goat,requiem ,0.04,0.87,0.09,0.989
mv & ee,root/void,0.043,0.789,0.168,0.9977
gatecreeper,sonoran depravation,0.058,0.825,0.116,0.988
candiria,while they were sleeping,0.061,0.828,0.111,0.9907
janet jackson,rhythm nation 1814,0.04,0.877,0.083,0.9974
oasis,be here now,0.075,0.84,0.085,0.9168
helado negro,private energy,0.042,0.852,0.105,0.9969
dj mustard,cold summer,0.047,0.821,0.132,0.9977
opeth,sorceress,0.094,0.8009999999999999,0.104,0.5758
moses sumney,lamentations ,0.055,0.841,0.104,0.9676
phish,big boat,0.065,0.8109999999999999,0.124,0.9923
phantogram,three,0.068,0.8290000000000001,0.102,0.9703
the caretaker,everywhere at the end of time,0.077,0.758,0.165,0.9979
pixies,head carrier,0.054000000000000006,0.812,0.134,0.9974
francis and the lights,"farewell, starlite!",0.03,0.8079999999999999,0.163,0.9976
neurosis,fires within fires,0.061,0.8420000000000001,0.097,0.9725
yves tumor,serpent music,0.08,0.847,0.073,-0.2742
solange,a seat at the table,0.047,0.799,0.153,0.9992
balance and composure,light we made,0.044,0.8490000000000001,0.107,0.9939
supersilent,13,0.071,0.802,0.127,0.9906
bruce haack,the electric lucifer,0.08800000000000001,0.8240000000000001,0.08800000000000001,-0.7509
jenny hval,blood bitch,0.115,0.757,0.129,0.9708
jack rose,"red horse, white mule",0.038,0.8290000000000001,0.133,0.9996
lusa maita,fio da memria,0.03,0.852,0.118,0.9947
oathbreaker,rheia,0.124,0.8059999999999999,0.071,-0.993
aaron abernathy,monologue,0.053,0.768,0.179,0.9986
danny brown,atrocity exhibition,0.062,0.8029999999999999,0.136,0.9983
innanet james,quebec place,0.016,0.8809999999999999,0.103,0.9946
darcy james argue's secret society,real enemies,0.08900000000000001,0.8109999999999999,0.1,0.8913
"masayoshi fujita, jan jelinek",schaum,0.033,0.861,0.107,0.9913
guided by voices,alien lanes,0.056,0.833,0.111,0.999
bob weir,blue mountain,0.065,0.84,0.095,0.9379
s u r v i v e,rr7349,0.035,0.812,0.154,0.9982
steve reich,the ecm recordings,0.012,0.866,0.122,0.9991
carl stone,electronic music from the seventies and eighties,0.047,0.892,0.061,0.7236
bon iver,"22, a million",0.102,0.805,0.092,-0.9114
mike & rich,expert knob twiddlers,0.017,0.8809999999999999,0.101,0.9833
thomas brinkmann,a 1000 keys,0.04,0.885,0.075,0.9843
psychic tv,alienist,0.033,0.8290000000000001,0.138,0.9967
nicolas jaar,sirens,0.054000000000000006,0.8290000000000001,0.117,0.9986
warpaint,heads up,0.067,0.8390000000000001,0.094,0.9185
moor mother,fetish bones,0.093,0.8190000000000001,0.08900000000000001,-0.7249
blonde redhead,masculin fminin,0.041,0.851,0.108,0.9985
mick jenkins,the healing component,0.11,0.769,0.121,-0.337
ty dolla $ign,campaign,0.067,0.799,0.135,0.9924
flock of dimes,"if you see me, say yes",0.033,0.838,0.129,0.9956
lvl up,return to love,0.07,0.78,0.15,0.9961
devendra banhart,ape in pink marble,0.043,0.813,0.145,0.997
machinedrum,human energy,0.024,0.882,0.093,0.993
chinx,legends never die,0.055,0.8079999999999999,0.138,0.995
itasca,open to chance,0.049,0.736,0.215,0.9984
how to dress well,care,0.08,0.743,0.177,0.999
fleetwood mac,mirage,0.056,0.857,0.087,0.9803
merchandise,a corpse wired for sound,0.056,0.8029999999999999,0.141,0.9972
beach slang,a loud bash of teenage feelings,0.099,0.768,0.132,0.9901
alunageorge,i remember,0.061,0.794,0.145,0.9931
erykah badu,mamas gun,0.08,0.809,0.111,0.999
against me!,shape shift with me,0.053,0.835,0.112,0.9928
the gaslamp killer,instrumentalepathy,0.069,0.8,0.13,0.9947
crooked man,crooked man,0.033,0.805,0.162,0.9988
eola,dang,0.023,0.873,0.104,0.9914
"hamilton leithauser, rostam",i had a dream that you were mine,0.034,0.823,0.14300000000000002,0.9988
local natives,sunlit youth,0.061,0.85,0.08900000000000001,0.972
biosphere,departed glories,0.106,0.75,0.14400000000000002,0.9794
mykki blanco,mykki,0.092,0.7929999999999999,0.114,0.9534
bruce springsteen,chapter and verse,0.03,0.87,0.1,0.9982
die antwoord,mount ninji and da nice time kid,0.133,0.7490000000000001,0.119,-0.9665
dyke drama,up against the bricks,0.108,0.81,0.08199999999999999,-0.9243
a tribe called red,we are the halluci nation,0.041,0.875,0.084,0.985
usher,hard ii love,0.058,0.757,0.184,0.9985
pallbearer,fear and fury,0.107,0.7979999999999999,0.095,-0.8528
kool keith,feature magnetic,0.08900000000000001,0.823,0.087,-0.1332
randy newman,the randy newman songbook,0.025,0.865,0.11,0.9967
led zeppelin,the complete bbc sessions,0.057,0.857,0.086,0.9933
various artists,imaginational anthem vol. 8 : the private press,0.027000000000000003,0.851,0.123,0.9966
grumbling fur,furfour,0.039,0.865,0.096,0.9946
croatian amor,love means taking action,0.064,0.7979999999999999,0.138,0.9897
preoccupations,preoccupations,0.1,0.785,0.115,0.6342
robert glasper experiment,artscience,0.015,0.852,0.134,0.9952
mndsgn,body wash,0.016,0.8590000000000001,0.125,0.9964
sumerlands,sumerlands,0.045,0.843,0.112,0.9903
brian eno,another green world,0.058,0.818,0.124,0.9995
mac miller,the divine feminine ,0.026,0.777,0.198,0.9996
julius eastman,femenine,0.059,0.835,0.107,0.9973
"bryce dessner, aaron dessner",transpecos ost,0.05,0.8640000000000001,0.087,0.9717
"dj fresh, ezale",the tonite show,0.039,0.851,0.11,0.9811
cymbals eat guitars,pretty years,0.079,0.7190000000000001,0.202,0.9991
touch amor,stage four,0.1,0.8059999999999999,0.093,-0.9201
silver apples,clinging to a dream,0.018000000000000002,0.8740000000000001,0.108,0.9928
"matthew shipp, bobby kapp",cactus,0.039,0.835,0.126,0.9878
"kaitlyn aurelia smith, suzanne ciani",sunergy,0.032,0.8420000000000001,0.126,0.998
fudge,lady parts,0.04,0.7759999999999999,0.185,0.9991
wrekmeister harmonies,light falls,0.105,0.752,0.14400000000000002,0.9825
tim presley,the wink,0.067,0.785,0.14800000000000002,0.9923
nick cave & the bad seeds,skeleton tree,0.122,0.779,0.099,-0.9865
manuel gttsching,e2-e4,0.029,0.8140000000000001,0.158,0.9996
cristian vogel,the assistenz,0.06,0.853,0.08800000000000001,0.9551
el perro del mar,kokoro,0.041,0.8059999999999999,0.153,0.9978
m.i.a.,aim ,0.08800000000000001,0.7929999999999999,0.119,0.9872
neil young,time fades away,0.098,0.799,0.103,0.9119
jhann jhannsson,orphe,0.025,0.831,0.14400000000000002,0.9982
various artists,desconstruo,0.024,0.907,0.069,0.9795
jack white,acoustic recordings 1998-2016,0.04,0.871,0.08900000000000001,0.9915
"steve buscemi, elliott sharp",rub out the word,0.07,0.807,0.124,0.9922
alpha 606,afro-cuban electronics,0.045,0.8640000000000001,0.09,0.992
adam torres,pearls to swine,0.027000000000000003,0.8640000000000001,0.109,0.9947
vox clamantis,arvo prt: the deer's cry,0.065,0.799,0.13699999999999998,0.9933
caetano veloso,caetano veloso,0.066,0.8420000000000001,0.092,0.997
angelo badalamenti,twin peaks ost,0.046,0.82,0.134,0.9972
okkervil river,away,0.051,0.858,0.091,0.9856
banks & steelz,anything but words,0.039,0.81,0.152,0.9988
lisa/liza,deserts of youth,0.032,0.847,0.121,0.989
wilco,schmilco,0.068,0.769,0.16399999999999998,0.9953
daniel lanois,goodbye to language,0.055,0.826,0.119,0.9929
drugdealer,the end of comedy,0.051,0.8270000000000001,0.122,0.9934
james vincent mcmorrow,we move,0.048,0.7909999999999999,0.161,0.9987
travis scott,birds in the trap sing mcknight,0.08,0.818,0.102,0.9744
p.s. eliot,2007-2011,0.08800000000000001,0.774,0.138,0.9973
carly rae jepsen,emotion side b,0.054000000000000006,0.83,0.116,0.9936
inc. no world,as light as light,0.064,0.779,0.157,0.9966
isaiah rashad,the suns tirade ,0.07200000000000001,0.845,0.083,0.9391
eluvium,false readings on,0.038,0.809,0.153,0.9974
circle,circle 1: live in germany concert,0.031,0.845,0.124,0.9981
bibio,the serious ep,0.07,0.8009999999999999,0.129,0.986
zomby,ultra,0.084,0.764,0.152,0.997
teenage fanclub,here,0.027000000000000003,0.815,0.158,0.9958
clipping.,splendor & misery,0.067,0.7909999999999999,0.142,0.9919
yohuna,patientness,0.059,0.8420000000000001,0.099,0.9819
terry riley,a rainbow in curved air,0.046,0.8190000000000001,0.135,0.9995
de la soul,and the anonymous nobody...,0.077,0.82,0.102,0.9883
mekons,existentialism,0.071,0.807,0.122,0.9852
nots,cosmetic,0.141,0.7759999999999999,0.083,-0.9847
d.a.r.k.,science agrees,0.048,0.879,0.073,0.9404
angel olsen,my woman,0.051,0.8320000000000001,0.117,0.9976
junior boys,kiss me all night ep,0.023,0.872,0.104,0.9869
serpentwithfeet,blisters,0.098,0.76,0.141,0.9861
william basinski,92982,0.02,0.933,0.047,0.9358
young thug,jeffery,0.025,0.8759999999999999,0.099,0.9983
prince,"one nite alone, the aftershow: it ain't over!",0.052000000000000005,0.823,0.125,0.9978
"soundwalk collective, patti smith, jesse paris smith",killer road,0.08199999999999999,0.825,0.093,0.3581
funk factory,funk factory,0.035,0.835,0.13,0.9975
prophets of rage,the party's over ep,0.133,0.768,0.099,-0.9954
the beach boys,becoming the beach boys: the complete hite & dorinda morgan sessions,0.039,0.847,0.115,0.9961
jon hopkins,opalescent,0.044,0.868,0.08800000000000001,0.9895
the dead c,trouble,0.171,0.764,0.065,-0.9966
vince staples,prima donna ,0.071,0.805,0.124,0.9919
crystal castles,amnesty (i),0.059,0.8170000000000001,0.125,0.9953
porches,water ep,0.022,0.871,0.107,0.9927
nathan bowles,whole & cloven,0.03,0.7809999999999999,0.189,0.9979
cass mccombs,mangy love,0.065,0.7859999999999999,0.149,0.9977
"gucci mane, zaytoven",guctiggy ep,0.047,0.8690000000000001,0.084,0.9753
subrosa,for this we fought the battle of ages,0.098,0.74,0.162,0.9943
motion graphics,motion graphics,0.021,0.866,0.113,0.9946
the roots,things fall apart,0.08,0.8140000000000001,0.107,0.9941
"katy goodman, greta morgan","take it, its yours",0.08900000000000001,0.799,0.112,0.9481
kornl kovcs,the bells,0.048,0.7659999999999999,0.18600000000000005,0.9987
controlled bleeding,larva lumps and baby bumps,0.046,0.831,0.124,0.9947
cassius,ibifornia ,0.07,0.848,0.081,0.9375
red pill,instinctive drowning,0.146,0.73,0.123,-0.9404
feral,nexus,0.046,0.838,0.116,0.9942
carl broemel,4th of july,0.022,0.858,0.12,0.9951
frank ocean,blonde,0.087,0.7959999999999999,0.117,0.9922
various artists,atomic bomb compilation vol. 4,0.129,0.8059999999999999,0.065,-0.9929
peter broderick,partners,0.036000000000000004,0.85,0.114,0.9939
battle trance,blade of love,0.022,0.857,0.121,0.9958
tory lanez,i told you,0.057,0.8540000000000001,0.08900000000000001,0.9795
brendan canning,home wrecking years,0.038,0.838,0.124,0.9947
charlotte day wilson,cdw ep,0.059,0.818,0.123,0.9755
tokyo black star,"""fantasy live 1999""",0.012,0.862,0.127,0.9977
sharon jones and the dap-kings,miss sharon jones! ost,0.08199999999999999,0.833,0.085,0.7672
tree,i.b. tree,0.071,0.845,0.084,0.833
mild high club,skiptracing,0.026,0.782,0.192,0.999
marielle v. jakobsons,star core,0.031,0.8740000000000001,0.094,0.9904
scott walker,the childhood of a leader ost,0.069,0.805,0.126,0.99
scott hirsch,blue rider songs,0.049,0.8340000000000001,0.117,0.9945
morgan delt,phase zero,0.034,0.804,0.162,0.9917
"steve lehman, slbyone",slbyone,0.025,0.818,0.157,0.9989
stevie wonder,songs in the key of life,0.052000000000000005,0.8370000000000001,0.111,0.9992
ka,honor killed the samurai,0.095,0.8,0.105,0.3159
"atticus ross, leopold ross, bobby krlic",almost holy ost,0.04,0.872,0.08800000000000001,0.9535
jefre cantu-ledesma,in summer,0.08,0.787,0.134,0.982
rattle,rattle,0.124,0.7859999999999999,0.09,-0.9388
dj earl,open your eyes,0.063,0.898,0.039,-0.7706
sonic youth,spinhead sessions,0.03,0.851,0.119,0.9883
various artists,radiating light: orchid tapes & friends,0.055,0.838,0.107,0.9897
the grifters,crappin you negative,0.083,0.813,0.104,0.9667
gonjasufi,callus,0.125,0.79,0.085,-0.9862
atmosphere,fishing blues,0.069,0.8190000000000001,0.112,0.9906
fury,paramount,0.079,0.795,0.126,0.9863
hockey dad,boronia,0.054000000000000006,0.7509999999999999,0.195,0.9973
"kyle dixon, michael stein","stranger things ost, vol. one",0.04,0.871,0.08900000000000001,0.9939
kool a.d.,official,0.014,0.915,0.071,0.9859
lexxi,5tarb01,0.08199999999999999,0.86,0.059,-0.9272
alex cameron,jumping the shark,0.054000000000000006,0.815,0.132,0.9959
various artists,the get down ost,0.056,0.825,0.119,0.9958
partynextdoor,partynextdoor 3 (p3),0.054000000000000006,0.833,0.113,0.9902
pill,convenience,0.081,0.83,0.08900000000000001,0.6781
mal devisa,kiid,0.054000000000000006,0.871,0.075,0.955
lando chill,"for mark, your son",0.055,0.8029999999999999,0.142,0.9956
rae sremmurd,sremmlife 2,0.043,0.863,0.094,0.9912
slow club,one day all of this won't matter any more,0.069,0.8190000000000001,0.113,0.9828
roosevelt,roosevelt,0.037000000000000005,0.863,0.1,0.9892
various artists,more better days,0.059,0.807,0.133,0.9974
pj harvey,dry,0.116,0.759,0.125,0.7921
2 chainz,daniel son ; necklace don,0.071,0.835,0.093,0.9555
the chills,kaleidoscope world,0.092,0.813,0.095,-0.6377
ryley walker,golden sings that have been sung,0.061,0.721,0.218,0.999
the 7th plain,chronicles 1,0.038,0.8320000000000001,0.13,0.9983
thee oh sees,a weird exits,0.087,0.8140000000000001,0.099,0.9224
toro y moi,live from trona,0.068,0.799,0.133,0.9951
factory floor,25 25,0.046,0.856,0.098,0.9868
themind,summer camp,0.063,0.7929999999999999,0.14400000000000002,0.9932
of montreal,innocence reaches,0.07400000000000001,0.8009999999999999,0.124,0.9746
dj snake,encore,0.049,0.8,0.15,0.996
elvis presley,way down in the jungle room,0.042,0.867,0.091,0.9958
roman flgel,verschiebung,0.079,0.8370000000000001,0.084,0.5501
various artists,the land ost,0.055,0.7879999999999999,0.157,0.9981
m. geddes gengras,interior architecture,0.042,0.897,0.061,0.8203
jon bap,what now?,0.038,0.8370000000000001,0.125,0.9924
katie dey,flood network,0.08199999999999999,0.7709999999999999,0.147,0.9898
various artists,suicide squad: the album,0.126,0.782,0.092,-0.983
various artists,start your own fucking show space,0.049,0.7709999999999999,0.18,0.9987
zhu,generationwhy,0.125,0.763,0.112,-0.8482
tobacco,sweatbox dynasty,0.105,0.789,0.106,0.4169
kllo,well worn,0.053,0.8340000000000001,0.113,0.994
wild beasts,boy king,0.128,0.7709999999999999,0.102,-0.9745
noname,telefone,0.104,0.705,0.191,0.9965
michal turtle,phantoms of dreamland,0.032,0.889,0.079,0.9612
cluster ensemble,cluster ensemble: plays philip glass,0.026,0.8270000000000001,0.147,0.9993
michael jackson,dangerous,0.085,0.818,0.096,0.9913
sunny day real estate,how it feels to be something on,0.057,0.784,0.159,0.9996
cam & china,cam & china,0.054000000000000006,0.8440000000000001,0.102,0.9841
nels cline,lovers,0.029,0.816,0.155,0.996
panopticon,revisions of the past,0.134,0.778,0.08800000000000001,-0.9921
dj khaled,major key,0.06,0.804,0.136,0.9983
trim,1-800 dinosaur presents trim,0.05,0.888,0.062,0.8686
"delia derbyshire, elsa stansfield",circle of light,0.022,0.887,0.091,0.9934
rival consoles,night melody,0.063,0.775,0.162,0.9966
descendents,hypercaffium spazzinate,0.054000000000000006,0.833,0.112,0.9955
lil uzi vert,the perfect luv tape,0.043,0.795,0.163,0.9985
haley bonar,impossible dream,0.094,0.7909999999999999,0.116,0.7733
blowout,"no beer, no dad",0.123,0.742,0.135,0.6741
dinosaur jr., give a glimpse of what yer not,0.03,0.838,0.132,0.9971
delroy edwards,hangin at the beach,0.026,0.894,0.081,0.9381
thunder tillman,jaguar mirror,0.05,0.8859999999999999,0.064,-0.0258
cheena,spend the night with...,0.037000000000000005,0.841,0.122,0.9926
nao,for all we know,0.049,0.843,0.108,0.9921
steve aoki,4oki,0.042,0.8959999999999999,0.062,0.8455
shy layers,shy layers,0.052000000000000005,0.8420000000000001,0.106,0.9958
owen,the king of whys,0.115,0.8109999999999999,0.073,-0.9915
titus andronicus,s+@dium rock: five nights at the opera,0.067,0.804,0.129,0.995
hieroglyphic being,the discos of imhotep,0.029,0.871,0.099,0.9959
meshuggah,meshuggah ep,0.052000000000000005,0.848,0.101,0.9973
metronome,take down,0.092,0.792,0.116,0.9608
"mary lattimore, jeff zeigler",music inspired by philippe garrels le rvlateur ,0.048,0.889,0.062,0.7527
red hot chili peppers,blood sugar sex magik,0.07400000000000001,0.7829999999999999,0.14300000000000002,0.9997
nina simone,in concert,0.084,0.77,0.146,0.9982
various artists,sky girl,0.075,0.797,0.128,0.9915
no joy,drool sucker,0.097,0.779,0.124,0.9348
psalm zero,stranger to violence,0.087,0.8109999999999999,0.103,0.8929
elza soares, a mulher do fim do mundo (the woman at the end of the world) ,0.142,0.7909999999999999,0.066,-0.9987
william s. burroughs,let me hang you,0.048,0.846,0.106,0.9946
stwo,d.t.s.n.t. ,0.029,0.815,0.156,0.9985
frankie reyes,boleros valses y mas,0.03,0.8340000000000001,0.136,0.9968
jeremih,late nights: europe,0.036000000000000004,0.831,0.133,0.998
lil durk,lil durk 2x,0.092,0.746,0.162,0.9972
lori mckenna,the bird & the rifle,0.055,0.82,0.125,0.9943
tristan perich,noise patterns,0.051,0.893,0.055,0.7301
lil yachty,summer songs 2,0.07400000000000001,0.828,0.099,0.9502
russian circles,guidance,0.054000000000000006,0.815,0.131,0.9913
florian kupfer,unfinished,0.054000000000000006,0.895,0.05,0.0299
hammers of misfortune,dead revolution,0.079,0.7859999999999999,0.136,0.9878
gucci mane,everybody looking,0.041,0.812,0.147,0.9988
gap dream,this is gap dream,0.099,0.782,0.119,0.6199
shy glizzy,young jefe 2,0.086,0.809,0.105,0.9693
big business,command your weather,0.059,0.823,0.118,0.9913
snoop dogg,coolaid,0.046,0.8290000000000001,0.125,0.9937
"blu, nottz",titans in the flesh,0.059,0.82,0.122,0.9887
michael kiwanuka,love & hate,0.075,0.787,0.139,0.9886
notekillers,songs and jams vol. 1,0.026,0.8390000000000001,0.136,0.9982
various artists,sound signature presents: these songs that should've been out on wax by now - part one,0.019,0.853,0.128,0.9972
de la soul,buhloone mindstate,0.065,0.828,0.108,0.9986
"21 savage, metro boomin",savage mode,0.13699999999999998,0.6779999999999999,0.185,0.9858
wymond miles,call by night,0.052000000000000005,0.847,0.101,0.9477
the amazing,ambulance,0.058,0.802,0.141,0.9935
jherek bischoff,cistern,0.051,0.833,0.116,0.9919
floating points,kuiper,0.037000000000000005,0.8490000000000001,0.114,0.9908
z-ro,drankin & drivin,0.048,0.84,0.112,0.9856
various artists,gqom oh! x crudo volta mixtape,0.066,0.833,0.101,0.958
pauline oliveros,four meditations / sound geometries,0.035,0.8059999999999999,0.16,0.9976
jamila woods,heavn,0.07200000000000001,0.7979999999999999,0.13,0.996
dreezy,no hard feelings,0.043,0.82,0.13699999999999998,0.9985
max romeo,horror zone,0.079,0.862,0.059,-0.9676
johnny foreigner,mono no aware,0.103,0.8220000000000001,0.075,-0.9412
ian william craig,centres,0.029,0.8240000000000001,0.146,0.9977
abra,princess,0.036000000000000004,0.848,0.116,0.9951
towkio,community service 2!,0.038,0.889,0.073,0.9666
wreck and reference,indifferent rivers romance end,0.13,0.797,0.07400000000000001,-0.9914
badbadnotgood,iv,0.042,0.833,0.125,0.9959
mstrkrft,operator,0.071,0.79,0.139,0.9874
pylon,pylon live,0.076,0.825,0.099,0.9655
wolfgang tillmans,2016 / 1986,0.024,0.902,0.07400000000000001,0.9897
clams casino,32 levels,0.035,0.893,0.07200000000000001,0.9782
elysia crampton,elysia crampton presents: demon city,0.053,0.845,0.102,0.9952
camp cope,camp cope,0.096,0.7879999999999999,0.116,0.8378
shackleton,devotional songs,0.055,0.8390000000000001,0.107,0.9919
konx-om-pax,caramel,0.043,0.833,0.124,0.9952
fleetwood mac,tusk,0.065,0.807,0.129,0.9992
the julie ruin,hit reset,0.114,0.7709999999999999,0.115,0.2867
migos,3 way,0.117,0.782,0.101,-0.7829999999999999
mark barrott,sketches from an island 2,0.006999999999999999,0.917,0.076,0.9834
various artists,eleven into fifteen: a 130701 compilation,0.05,0.835,0.115,0.9934
shura,nothings real,0.045,0.852,0.104,0.9943
betty davis,the columbia years 1968-69,0.035,0.853,0.112,0.9985
kel valhaal,new introductory lectures on the system of transcendental qabala,0.038,0.899,0.063,0.8801
jackmaster,dj-kicks,0.042,0.8340000000000001,0.124,0.9968
schoolboy q,blank face lp,0.045,0.861,0.094,0.995
darkstar,made to measure,0.098,0.762,0.14,0.9821
trust punks,double bind,0.092,0.778,0.13,0.9687
tangents,stateless,0.033,0.828,0.139,0.997
arca,entraas,0.09,0.802,0.108,0.8643
lindstrm,windings,0.054000000000000006,0.772,0.173,0.9975
martha,blisters in the pit of my heart,0.083,0.746,0.172,0.9933
john roberts,plum,0.053,0.795,0.152,0.9951
maxwell,blacksummersnight,0.05,0.7559999999999999,0.194,0.999
kelsey lu,church ep,0.08800000000000001,0.799,0.112,0.9628
eric copeland,black bubblegum,0.039,0.894,0.067,0.7841
gone is gone,gone is gone,0.066,0.84,0.094,0.9713
vivien goldman,resolutionary (songs 1979-1982),0.034,0.8959999999999999,0.069,0.9922
risn murphy,take her up to monto,0.018000000000000002,0.8490000000000001,0.133,0.9978
araabmuzik,dream world,0.075,0.8109999999999999,0.113,0.9516
gggs,gggs,0.095,0.8370000000000001,0.068,-0.9643
roy wood$,waking at dawn,0.08800000000000001,0.752,0.16,0.9947
lauryn hill,the miseducation of lauryn hill,0.071,0.7909999999999999,0.138,0.9991
metronomy,summer 08,0.071,0.782,0.14800000000000002,0.9977
scharpling & wurster,live at third man records,0.045,0.81,0.145,0.9979
marisa anderson,into the light,0.047,0.8220000000000001,0.13,0.9896
steven julien,fallen,0.08800000000000001,0.7609999999999999,0.15,0.9942
the avalanches,wildflower,0.041,0.799,0.16,0.9995
nite-funk,nite-funk,0.035,0.779,0.18600000000000005,0.9974
"nils frahm, woodkid",ellis,0.055,0.852,0.093,0.983
gojira,magma,0.066,0.877,0.057,-0.7224
aphex twin,cheetah,0.052000000000000005,0.858,0.08900000000000001,0.9912
inter arma,paradise gallows,0.03,0.809,0.162,0.998
the game,streets of compton,0.057,0.862,0.081,0.9652
hot hot heat,hot hot heat,0.064,0.802,0.135,0.9941
blink-182,california,0.058,0.858,0.085,0.9477
magic!,primary colours,0.075,0.8009999999999999,0.124,0.9935
weaves,weaves,0.023,0.816,0.161,0.9978
egisto macchi,biologia animale e vegetale,0.03,0.841,0.129,0.9955
bat for lashes,the bride,0.101,0.797,0.101,-0.2372
mick harvey,delirium tremens,0.061,0.851,0.08800000000000001,0.8981
alice bag,alice bag,0.08800000000000001,0.831,0.08,-0.8513
stephen steinbrink,anagrams,0.087,0.7909999999999999,0.122,0.964
pulp,different class,0.061,0.851,0.087,0.9959
desiigner,new english,0.056,0.789,0.154,0.9965
nice as fuck,nice as fuck,0.068,0.831,0.101,0.9579
look mexico,uniola,0.052000000000000005,0.82,0.128,0.9968
sunpath,dream music,0.051,0.8270000000000001,0.121,0.9977
"future, dj esco",project e.t. esco terrestrial,0.056,0.8270000000000001,0.117,0.9951
james ferraro,human story 3,0.039,0.901,0.06,0.9399
puro instinct,autodrama,0.069,0.8220000000000001,0.109,0.9808
david toop,entities inertias faint beings,0.05,0.88,0.07,0.9279
blood orange,freetown sound,0.084,0.813,0.103,0.9585
river tiber,indigo,0.033,0.7829999999999999,0.185,0.9989
lets eat grandma,"i, gemini",0.03,0.88,0.09,0.9876
lungfish,sound in time,0.044,0.909,0.047,0.1754
"jim orourke, fennesz",its hard for me to say im sorry,0.038,0.833,0.128,0.9957
deerhoof,the magic,0.059,0.7879999999999999,0.154,0.9971
